1.0,0.0,0.0,0.0,0.0,0.0,0.0,0.0,0.1885245901639344,0.0,0.0,0.0,0.0,0.0,0.0,0.0,0.0,0.0,0.0,0.0,0.0,0.0,0.0,0.0,0.0,0.0,0.0,0.0,0.0,0.0,0.12825278810408922,0.0,0.0,0.0,0.0,0.0,0.0,0.0,0.0,0.0,0.13218390804597702,0.0,0.0,0.0,0.0,0.0,0.0,0.0,0.0,0.0,0.0,0.0,0.0,0.0,0.0,0.0,0.0,0.0,0.0,0.0,0.18956043956043955,0.3,0.0,0.0,0.0,0.0,0.0,0.0,0.0,0.0,0.0,0.0,0.0,0.0,0.0,0.0,0.0,0.0,0.0,0.0,0.0,0.0,0.0,0.0,0.0,0.0,0.0,0.0,0.0,0.0,0.0,0.0,0.0,0.0,0.0,0.0,0.0,0.0,0.0,0.0,0.0,0.0,0.0,0.25,0.22549019607843138,0.22168284789644013,0.0,0.0,0.0,0.0,0.0,0.0,0.0,0.0,0.0,0.0,0.0,0.0,0.16270783847980996,0.0,0.0,0.0,0.0,0.0,0.0,0.0,0.0,0.0,0.0,0.0,0.0,0.0,0.0,0.0,0.0,0.0,0.0,0.0,0.0,0.0,0.0,0.0,0.0,0.0,0.0,0.0,0.0,0.0,0.23333333333333334,0.0,0.0,0.0,0.0,0.0,0.0,0.0,0.0,0.0,0.0,0.0,0.0,0.0,0.0,0.16829268292682928,0.0,0.0,0.0,0.49166666666666664,0.0,0.0,0.0,0.0,0.0,0.0,0.0,0.23333333333333334,0.0,0.0,0.0,0.0,0.0,0.0,0.0,0.0,0.0,0.0,0.0,0.0,0.0,0.0,0.0,0.0,0.0,0.0,0.0,0.0,0.0
0.0,1.0,0.0,0.0,0.0,0.0,0.0,0.0,0.0,0.0,0.0,0.0,0.0,0.0,0.0,0.0,0.0,0.0,0.09943181818181818,0.0,0.0,0.0,0.15328467153284672,0.0,0.0,0.0,0.0,0.0,0.0,0.12998462860950677,0.0,0.0,0.0,0.0,0.0,0.0,0.0,0.0,0.0,0.0,0.16971161066368626,0.0,0.0,0.0,0.0,0.0,0.0,0.0,0.0,0.0,0.0,0.0,0.0,0.0962566844919786,0.0,0.0,0.0,0.0,0.0,0.0,0.0,0.0,0.0,0.0972972972972973,0.0,0.0,0.0,0.0,0.0,0.0,0.0,0.0,0.0,0.0,0.0,0.09326424870466321,0.0,0.0,0.0,0.10734463276836158,0.0,0.0,0.0,0.0,0.0,0.0,0.23089009914314218,0.2715945490792021,0.0,0.0,0.858493568887628,0.10115606936416185,0.0,0.0,0.0,0.0,0.0,0.0,0.0,0.0,0.0,0.0,0.0,0.0,0.0,0.0,0.1177739430543572,0.0,0.0,0.0,0.0,0.0,0.0,0.0,0.0,0.0,0.0,0.12418300653594772,0.09561752988047809,0.10650887573964497,0.0,0.10115606936416185,0.12418300653594772,0.109717868338558,0.0,0.0,0.0,0.0,0.0,0.0,0.0,0.0,0.08737864077669903,0.10294117647058823,0.0,0.0,0.096671388101983,0.0,0.0,0.0,0.0,0.0,0.0,0.0,0.0,0.0,0.0,0.0,0.0,0.0,0.0,0.0,0.0,0.0,0.0,0.0,0.0,0.0,0.0,0.0,0.0,0.0,0.0,0.0,0.0,0.09829059829059829,0.09829059829059829,0.0,0.11515151515151516,0.0,0.0,0.0,0.0,0.0,0.0,0.0,0.0,0.0,0.0,0.0,0.0,0.092,0.0,0.0,0.13815789473684212,0.08877928483353884,0.08372093023255814,0.0,0.0,0.0,0.0,0.0,0.1074964639321075,0.0,0.0,0.0,0.08530805687203792
0.0,0.0,1.0,0.0,0.0,0.24773883697689783,0.35228153632993375,0.2983075964353431,0.0,0.0,0.0,0.0,0.0,0.0,0.0,0.0,0.0,0.0,0.0,0.18084777382691658,0.0,0.0,0.0,0.0,0.1436893203883495,0.0,0.0,0.1997386267618883,0.2906069677632595,0.11261069518989447,0.18352589232878366,0.24773883697689783,0.0,0.0,0.0,0.1997386267618883,0.0,0.1609172794836193,0.11923725387049004,0.23000571143647325,0.0,0.23000571143647325,0.0,0.19889650676045365,0.0,0.0,0.11394085608140697,0.11754898064076386,0.0,0.0,0.0,0.25765132388878953,0.18171557562076748,0.0,0.1683366733466934,0.12173913043478261,0.21475367017733218,0.10955518945634267,0.0,0.0,0.13891185761058827,0.0,0.0,0.0,0.18084777382691658,0.14251807690838028,0.0,0.0,0.0,0.1669350416436623,0.0,0.09562043795620438,0.18390782563682315,0.0,0.17045940217619207,0.1264155006377537,0.16980153525347763,0.20007787219753825,0.0,0.11940298507462686,0.12780656303972365,0.22897802607154943,0.0,0.0,0.1806176186673834,0.20780795246447537,0.0,0.0,0.0,0.19889650676045365,0.0,0.15644359720953235,0.16041807121283497,0.0,0.0,0.15961919596026447,0.0,0.0,0.12998102466793168,0.16868779145260993,0.0,0.0,0.0,0.0,0.0,0.0,0.0,0.22897802607154943,0.1724834660607385,0.0,0.0,0.0,0.17045940217619207,0.0,0.0,0.0,0.15763517298524773,0.0,0.0,0.18358054052229197,0.1758365201246481,0.15644359720953235,0.0,0.15514235918808217,0.15633611233534148,0.1595420562818927,0.21089481293640372,0.331247073847203,0.0,0.1807257830405536,0.1441696892761512,0.2552899759089656,0.1277530171147662,0.1191304347826087,0.10547504025764895,0.11120543293718166,0.13097212905796962,0.0,0.0,0.0,0.0,0.0,0.0,0.08977719528178243,0.0,0.11890390799064603,0.22897802607154943,0.2787992427204414,0.0,0.14370719596083867,0.16980153525347763,0.08909207394930382,0.0,0.0,0.18084777382691658,0.0,0.1669350416436623,0.0,0.1801317789578443,0.0,0.0,0.15124684666567845,0.5505261005071704,0.0,0.1408898703106325,0.13661222483880978,0.13661222483880978,0.0,0.1673976567012839,0.9652606184551795,0.1424727049069654,0.0,0.0,0.0,0.11394085608140697,0.0,0.0,0.0,0.0,0.17842655248891792,0.15976062284942322,0.0,0.15481033452487442,0.19889650676045365,0.0,0.11316801736876851,0.0,0.20780795246447537,0.0,0.1424727049069654,0.28373376877957446,0.15481033452487442,0.0,0.0,0.0,0.0,0.12416250649906373
0.0,0.0,0.0,1.0,0.0,0.0,0.0,0.0,0.0,0.0,0.0,0.5169786508807734,0.299038084134707,0.299038084134707,0.35676640558552875,0.3273787607654737,0.0,0.0,0.0,0.0,0.35676640558552875,0.3145525486708504,0.0,0.0,0.0,0.17913468432273538,0.0,0.3052015353737011,0.0,0.0,0.0,0.0,0.36411674643938163,0.4583594587519661,0.28562556882020135,0.3052015353737011,0.0,0.22822019959164389,0.15465404841341068,0.0,0.0,0.0,0.0,0.0,0.0,0.0,0.0,0.0,0.6007080636460034,0.0,0.0,0.0,0.0,0.0,0.0,0.2647174845831469,0.0,0.0,0.0,0.0,0.0,0.0,0.39299688982161934,0.0,0.0,0.0,0.0,0.0,0.0,0.0,0.0,0.0,0.0,0.0,0.0,0.0,0.0,0.0,0.0,0.0,0.0,0.0,0.4653278974518376,0.4583594587519661,0.0,0.0,0.0,0.0,0.0,0.0,0.0,0.0,0.0,0.0,0.0,0.2032896660520205,0.0,0.0,0.0,0.259327379253366,0.0,0.0,0.0,0.0,0.0,0.0,0.0,0.0,0.0,0.0,0.0,0.0,0.0,0.2368571846851008,0.0,0.0,0.0,0.0,0.0,0.0,0.0,0.0,0.0,0.0,0.0,0.0,0.0,0.0,0.0,0.0,0.20541037302446158,0.0,0.18706280727492786,0.0,0.0,0.0,0.0,0.5780342978888051,0.8434347203917438,0.5666705759087296,0.39299688982161934,0.0,0.0,0.0,0.0,0.0,0.0,0.0,0.0,0.0,0.0,0.0,0.0,0.0,0.0,0.0,0.0,0.0,0.0,0.0,0.0,0.0,0.0,0.0,0.0,0.0,0.0,0.0,0.0,0.0,0.0,0.0,0.0,0.0,0.0,0.0,0.36411674643938163,0.0,0.0,0.0,0.0,0.0,0.0,0.0,0.0,0.0,0.0,0.0,0.0,0.0,0.0,0.0,0.0,0.0,0.4653278974518376,0.0,0.1797267242618707
0.0,0.0,0.0,0.0,1.0,0.0,0.0,0.0,0.0,0.0,0.0,0.0,0.0,0.0,0.0,0.0,0.0,0.0,0.2995426661732041,0.0,0.0,0.0,0.0,0.0,0.0,0.0,0.0,0.0,0.0,0.0,0.0,0.0,0.0,0.0,0.0,0.0,0.0,0.0,0.0,0.0,0.0,0.0,0.0,0.0,0.0,0.0,0.0,0.0,0.0,0.0,0.33958362088014843,0.0,0.0,0.0,0.0,0.0,0.0,0.0,0.0,0.0,0.0,0.0,0.0,0.0,0.0,0.0,0.0,0.0,0.0,0.0,0.0,0.0,0.0,0.0,0.0,0.0,0.0,0.0,0.0,0.0,0.0,0.0,0.0,0.0,0.0,0.0,0.0,0.0,0.0,0.0,0.0,0.0,0.0,0.0,0.0,0.0,0.0,0.0,0.0,0.0,0.0,0.0,0.0,0.0,0.0,0.0,0.0,0.0,0.0,0.0,0.0,0.0,0.0,0.0,0.6259259259259259,0.5878371201523853,0.373073407905591,0.0,0.0,0.0,0.0,0.0,0.0,0.0,0.0,0.0,0.0,0.0,0.0,0.0,0.0,0.0,0.0,0.0,0.0,0.0,0.0,0.0,0.0,0.0,0.0,0.0,0.0,0.0,0.2261904761904762,0.0,0.0,0.0,0.0,0.0,0.0,0.0,0.0,0.0,0.0,0.0,0.0,0.0,0.0,0.0,0.0,0.0,0.0,0.0,0.0,0.0,0.0,0.0,0.0,0.0,0.0,0.0,0.5878371201523853,0.5878371201523853,0.0,0.0,0.0,0.0,0.0,0.0,0.0,0.1722488038277512,0.0,0.0,0.0,0.0,0.0,0.0,0.0,0.0,0.0,0.0,0.3070039219437633,0.0,0.0,0.0,0.0
0.0,0.0,0.24773883697689783,0.0,0.0,1.0,0.6769032656558994,0.38893316720012605,0.0,0.0,0.0,0.0,0.0,0.0,0.0,0.0,0.0,0.0,0.0,0.30461170464671106,0.0,0.0,0.0,0.0,0.2534246575342466,0.0,0.0,0.0,0.19318181818181818,0.16394038741488468,0.3167747923484228,0.8445412464587144,0.0,0.0,0.0,0.0,0.0,0.0,0.0,0.7309916087337692,0.0,0.9280933150468493,0.0,0.4380562248794301,0.0,0.0,0.13941299790356393,0.1401673640167364,0.0,0.0,0.0,0.0,0.0,0.0,0.0,0.0,0.27611940298507465,0.0,0.0,0.0,0.18206521739130435,0.0,0.0,0.0,0.30461170464671106,0.16355140186915887,0.0,0.0,0.0,0.31952521522012955,0.0,0.0,0.0,0.0,0.21604938271604937,0.0,0.2775374858443401,0.35287080996835696,0.0,0.0,0.20786516853932585,0.3135593220338983,0.0,0.0,0.35326038370754004,0.2605633802816901,0.0,0.0,0.0,0.4380562248794301,0.0,0.2618851890636598,0.0,0.0,0.0,0.0,0.0,0.0,0.0,0.0,0.0,0.0,0.0,0.0,0.0,0.0,0.0,0.5205206477525179,0.34381578093527115,0.0,0.0,0.0,0.21604938271604937,0.0,0.0,0.0,0.2073170731707317,0.0,0.0,0.31994183706160395,0.3657479021834423,0.2618851890636598,0.0,0.2800979267268445,0.2408300814972737,0.2733355654957288,0.24032687345967024,0.5006679474713762,0.0,0.23972602739726026,0.0,0.15086206896551724,0.18963010879748793,0.0,0.0,0.0,0.2084122992180959,0.0,0.0,0.0,0.0,0.0,0.0,0.0,0.0,0.14135021097046413,0.5205206477525179,0.7227640163858546,0.0,0.24509515315632138,0.2775374858443401,0.09530496519450235,0.0,0.0,0.30461170464671106,0.0,0.31952521522012955,0.0,0.0,0.0,0.0,0.2696535275246251,0.11705685618729098,0.0,0.17525773195876287,0.22163881912873487,0.22163881912873487,0.0,0.0,0.24773883697689783,0.17708333333333334,0.0,0.0,0.0,0.13941299790356393,0.0,0.0,0.0,0.0,0.21436538167613844,0.3000854962969138,0.0,0.20238095238095238,0.4380562248794301,0.0,0.166997252970865,0.0,0.2605633802816901,0.0,0.17708333333333334,0.14227642276422764,0.20238095238095238,0.0,0.0,0.0,0.0,0.18161971141606806
0.0,0.0,0.35228153632993375,0.0,0.0,0.6769032656558994,1.0,0.26461458410055105,0.0,0.0,0.0,0.0,0.0,0.0,0.0,0.0,0.0,0.0,0.0,0.3496500189284753,0.0,0.0,0.0,0.0,0.2638888888888889,0.0,0.0,0.0,0.20114942528735633,0.17790162263992407,0.22069170272103478,0.6769032656558994,0.0,0.0,0.0,0.0,0.0,0.0,0.0,0.6046905347210889,0.0,0.6046905347210889,0.0,0.49166666666666664,0.0,0.0,0.14482029598308668,0.14556962025316456,0.0,0.0,0.0,0.0,0.0,0.0,0.0,0.0,0.2878787878787879,0.0,0.0,0.0,0.18956043956043955,0.0,0.0,0.0,0.3496500189284753,0.16981132075471697,0.0,0.0,0.0,0.3516096161865719,0.0,0.0,0.0,0.0,0.225,0.0,0.3203500959758595,0.40241597004393936,0.0,0.0,0.2159090909090909,0.3275862068965517,0.0,0.0,0.38888888888888895,0.2714285714285714,0.0,0.0,0.0,0.49166666666666664,0.0,0.2836451037928856,0.0,0.0,0.0,0.0,0.0,0.0,0.0,0.0,0.0,0.0,0.0,0.0,0.0,0.0,0.0,0.5878371201523853,0.38036695588474634,0.0,0.0,0.0,0.225,0.0,0.0,0.0,0.21604938271604937,0.0,0.0,0.345448207019174,0.4062092084304439,0.2836451037928856,0.0,0.3066909169080375,0.27528342933061606,0.29661610846171965,0.25983675262029887,0.7798666985864506,0.0,0.25,0.0,0.1565217391304348,0.20428463532742305,0.0,0.0,0.0,0.2271716318127831,0.0,0.0,0.0,0.0,0.0,0.0,0.0,0.0,0.14680851063829786,0.5878371201523853,0.872789450424941,0.0,0.26752898075836223,0.3203500959758595,0.1028168749116746,0.0,0.0,0.3496500189284753,0.0,0.3516096161865719,0.0,0.0,0.0,0.0,0.295265113952959,0.12121212121212122,0.0,0.18229166666666666,0.2412912912912913,0.2412912912912913,0.0,0.0,0.35228153632993375,0.18421052631578946,0.0,0.0,0.0,0.14482029598308668,0.0,0.0,0.0,0.0,0.24257309660400345,0.32991550979899514,0.0,0.21084337349397592,0.49166666666666664,0.0,0.1814316192591255,0.0,0.2714285714285714,0.0,0.18421052631578946,0.14754098360655737,0.21084337349397592,0.0,0.0,0.0,0.0,0.19555015291174477
0.0,0.0,0.2983075964353431,0.0,0.0,0.38893316720012605,0.26461458410055105,1.0,0.0,0.0,0.0,0.0,0.0,0.0,0.0,0.0,0.0,0.0,0.0,0.16813355075011888,0.0,0.0,0.0,0.0,0.14092664092664092,0.0,0.0,0.0,0.14427805291016843,0.10795788186627792,0.27124584476284813,0.3166200607559112,0.0,0.0,0.0,0.0,0.0,0.0,0.0,0.28068783013076326,0.0,0.3849360566220833,0.0,0.19115836738963857,0.0,0.0,0.1091771900618886,0.11276590943187285,0.0,0.0,0.0,0.0,0.0,0.0,0.16334661354581673,0.11764705882352941,0.20728378732244931,0.0,0.0,0.0,0.13313494619631341,0.0,0.0,0.0,0.16813355075011888,0.13723448875849573,0.0,0.0,0.0,0.16016480487346874,0.0,0.0,0.0,0.0,0.1640047419815214,0.0,0.1572760489983489,0.18701017958766647,0.0,0.11551155115511551,0.1254295532646048,0.22090243213308844,0.0,0.0,0.1737063275692578,0.20061834974717144,0.0,0.0,0.0,0.19115836738963857,0.0,0.15052715212430534,0.0,0.0,0.0,0.0,0.0,0.0,0.0,0.0,0.0,0.0,0.0,0.0,0.0,0.0,0.0,0.22090243213308844,0.16546123767084875,0.0,0.0,0.0,0.1640047419815214,0.0,0.0,0.0,0.151305321018692,0.0,0.0,0.17733831817541934,0.1683616687699796,0.15052715212430534,0.0,0.14863583221399243,0.14549411568039444,0.1535185501649811,0.1720279271186438,0.2175606430331971,0.0,0.17381249775022034,0.0,0.2364702889254257,0.12304262902790909,0.0,0.0,0.0,0.1253518675917001,0.0,0.0,0.0,0.0,0.0,0.0,0.0,0.0,0.11408236723956454,0.22090243213308844,0.2616145972521845,0.0,0.13775254821604363,0.1572760489983489,0.07287682649380538,0.0,0.0,0.16813355075011888,0.0,0.16016480487346874,0.0,0.0,0.0,0.0,0.14478200209930336,0.2150637604047864,0.0,0.13527826809668955,0.130911841781807,0.130911841781807,0.0,0.0,0.2983075964353431,0.1368099375644743,0.0,0.0,0.0,0.1091771900618886,0.0,0.0,0.0,0.0,0.1662212478114374,0.15306646893141318,0.0,0.14859285631903865,0.19115836738963857,0.0,0.10844685105980208,0.0,0.20061834974717144,0.0,0.1368099375644743,0.26558479030045246,0.14859285631903865,0.0,0.0,0.0,0.0,0.11959522728051028
0.1885245901639344,0.0,0.0,0.0,0.0,0.0,0.0,0.0,1.0,0.17703349282296652,0.0,0.16490845600771523,0.0,0.0,0.0,0.0,0.0,0.0,0.0,0.0,0.0,0.16587677725118483,0.0,0.1837837837837838,0.0,0.0,0.0,0.0,0.0,0.0,0.11663953625640783,0.0,0.16908212560386474,0.0,0.0,0.0,0.0,0.13821138211382114,0.10323574730354391,0.0,0.14632250033372246,0.0,0.0,0.0,0.0,0.0,0.0,0.0,0.0,0.0,0.0,0.0,0.0,0.0,0.0,0.0,0.0,0.0,0.0,0.0,0.1614959561196141,0.24847184184063376,0.0,0.0,0.0,0.0,0.0,0.0,0.0,0.0,0.20670391061452514,0.0,0.0,0.0,0.0,0.0,0.0,0.0,0.0,0.0,0.0,0.0,0.0,0.0,0.0,0.0,0.0,0.0,0.0,0.0,0.0,0.0,0.0,0.0,0.20670391061452514,0.15209567159600476,0.20670391061452514,0.0,0.20427598339397612,0.0,0.0,0.20670391061452514,0.1596244131455399,0.48030772621179607,0.3425143156070657,0.3124828526424024,0.0,0.0,0.0,0.16908212560386474,0.0,0.0,0.0,0.13618677042801555,0.0,0.0,0.0,0.0,0.2430956189468506,0.0,0.0,0.0,0.0,0.0,0.0,0.0,0.0,0.0,0.0,0.0,0.0,0.0,0.0,0.0,0.0,0.0,0.0,0.13026819923371646,0.0,0.12639405204460966,0.0,0.0,0.0,0.0,0.15151515151515152,0.0,0.0,0.0,0.3919676674802295,0.0,0.0,0.0,0.0,0.20427598339397612,0.0,0.0,0.0,0.2566685631521092,0.0,0.0,0.0,0.0,0.0,0.2712883066659235,0.0,0.0,0.0,0.1885245901639344,0.0,0.0,0.1383399209486166,0.0,0.0,0.0,0.0,0.3919676674802295,0.16908212560386474,0.0,0.16267942583732056,0.0,0.0,0.0,0.0,0.0,0.1691542288557214,0.0,0.0,0.0,0.0,0.0,0.11400651465798045,0.0,0.0,0.0,0.0,0.0,0.0
0.0,0.0,0.0,0.0,0.0,0.0,0.0,0.0,0.17703349282296652,1.0,0.0,0.1746987951807229,0.0,0.0,0.0,0.0,0.0,0.18956939649306329,0.0,0.0,0.0,0.21839080459770116,0.0,0.0,0.0,0.16568878781418872,0.0,0.0,0.0,0.0,0.0,0.0,0.35099843093254857,0.0,0.0,0.0,0.0,0.17703349282296652,0.12695652173913044,0.0,0.0,0.0,0.35315076522680755,0.0,0.0,0.0,0.0,0.0,0.0,0.0,0.0,0.0,0.0,0.2062302948017761,0.0,0.0,0.0,0.0,0.0,0.3162012786639853,0.0,0.0,0.0,0.0,0.0,0.0,0.0,0.0,0.0,0.0,0.28169014084507044,0.0,0.0,0.0,0.0,0.0,0.0,0.0,0.0,0.0,0.0,0.0,0.0,0.0,0.0,0.0,0.0,0.0,0.0,0.0,0.0,0.0,0.0,0.0,0.47631201049608,0.15665236051502146,0.28169014084507044,0.0,0.21022727272727273,0.0,0.0,0.28169014084507044,0.2730901839983772,0.0,0.0,0.0,0.0,0.0,0.0,0.2235294117647059,0.0,0.0,0.0,0.17272727272727273,0.0,0.0,0.0,0.22289156626506024,0.14799154334038056,0.0,0.0,0.0,0.0,0.0,0.0,0.0,0.0,0.0,0.0,0.0,0.0,0.0,0.0,0.0,0.0,0.0,0.0,0.16517857142857142,0.0,0.15948275862068967,0.0,0.0,0.0,0.0,0.3035494154885365,0.0,0.0,0.0,0.0,0.0,0.0,0.0,0.0,0.21022727272727273,0.0,0.0,0.0,0.2602739726027397,0.0,0.0,0.0,0.0,0.0,0.0,0.0,0.0,0.0,0.0,0.0,0.0,0.0,0.35315076522680755,0.0,0.0,0.0,0.0,0.2235294117647059,0.0,0.21511627906976744,0.0,0.0,0.0,0.0,0.0,0.22560975609756098,0.0,0.11724137931034483,0.34710975437433134,0.0,0.0,0.0,0.0,0.0,0.0,0.0,0.32073398101060613,0.0
0.0,0.0,0.0,0.0,0.0,0.0,0.0,0.0,0.0,0.0,1.0,0.0,0.0,0.0,0.0,0.0,0.0,0.0,0.0,0.0,0.0,0.0,0.0,0.0,0.0,0.0,0.0,0.0,0.0,0.0,0.0,0.0,0.0,0.0,0.0,0.0,0.0,0.0,0.0,0.0,0.0,0.0,0.0,0.0,0.0,0.0,0.0,0.0,0.0,0.0,0.0,0.0,0.0,0.0,0.4255200628736442,0.0,0.0,0.0,0.49166666666666664,0.0,0.0,0.0,0.0,0.0,0.0,0.0,0.23802951990402602,0.0,0.0,0.0,0.0,0.0,0.40015250191919355,0.0,0.0,0.0,0.0,0.0,0.22174354107179814,0.0,0.0,0.0,0.0,0.0,0.0,0.0,0.0,0.0,0.0,0.0,0.0,0.0,0.0,0.49166666666666664,0.0,0.0,0.0,0.0,0.0,0.0,0.0,0.0,0.0,0.0,0.0,0.0,0.0,0.0,0.0,0.0,0.0,0.0,0.0,0.0,0.0,0.0,0.0,0.0,0.0,0.0,0.0,0.0,0.0,0.0,0.0,0.0,0.0,0.0,0.6259259259259259,0.0,0.0,0.0,0.0,0.0,0.0,0.0,0.0,0.0,0.0,0.0,0.0,0.0,0.0,0.0,0.0,0.0,0.0,0.0,0.0,0.0,0.0,0.0,0.0,0.24,0.0,0.36962614471588573,0.0,0.0,0.0,0.0,0.0,0.0,0.0,0.0,0.0,0.0,0.0,0.0,0.0,0.0,0.0,0.0,0.0,0.0,0.0,0.0,0.0,0.0,0.0,0.0,0.0,0.0,0.0,0.0,0.0,0.0,0.0,0.0,0.0,0.0,0.0,0.0,0.0,0.4380562248794301,0.0,0.0,0.0
0.0,0.0,0.0,0.5169786508807734,0.0,0.0,0.0,0.0,0.16490845600771523,0.1746987951807229,0.0,1.0,0.21135119264582444,0.21135119264582444,0.239010463623342,0.22942827654322467,0.0,0.0,0.0,0.0,0.239010463623342,0.2729412540253406,0.0,0.0,0.0,0.14496883266980545,0.0,0.2206881418193616,0.0,0.0,0.0,0.0,0.3101363000472938,0.30045877752392675,0.20845561727819886,0.2206881418193616,0.0,0.20611552354246498,0.1447494683519847,0.0,0.0,0.0,0.0,0.0,0.0,0.0,0.0,0.0,0.38439719791255045,0.0,0.0,0.0,0.0,0.0,0.0,0.19808598102028957,0.0,0.0,0.0,0.0,0.0,0.0,0.25968918794272444,0.0,0.0,0.0,0.0,0.0,0.0,0.0,0.20422535211267606,0.0,0.0,0.0,0.0,0.0,0.0,0.0,0.0,0.0,0.0,0.0,0.2911216909710691,0.30045877752392675,0.0,0.0,0.0,0.0,0.0,0.0,0.0,0.0,0.0,0.0,0.20422535211267606,0.21853683386814382,0.20422535211267606,0.0,0.2538696397623477,0.19592573268633517,0.0,0.20422535211267606,0.15721040189125296,0.0,0.0,0.0,0.0,0.0,0.0,0.16666666666666666,0.0,0.0,0.0,0.22044300959624186,0.0,0.0,0.0,0.0,0.0,0.0,0.0,0.0,0.0,0.0,0.0,0.0,0.0,0.0,0.0,0.0,0.16235346323801436,0.0,0.15009808231547325,0.0,0.0,0.0,0.0,0.44159079654129685,0.46962420825225604,0.43516703985005467,0.25968918794272444,0.0,0.0,0.0,0.14923747276688454,0.0,0.0,0.0,0.0,0.0,0.0,0.0,0.0,0.19477192860298434,0.0,0.0,0.0,0.40377174867663734,0.0,0.0,0.0,0.0,0.0,0.0,0.0,0.0,0.0,0.0,0.0,0.0,0.0,0.0,0.0,0.0,0.0,0.0,0.3101363000472938,0.0,0.1602409638554217,0.0,0.0,0.0,0.0,0.0,0.16666666666666666,0.0,0.0,0.0,0.0,0.0,0.0,0.0,0.0,0.0,0.2911216909710691,0.0,0.14515068960649263
0.0,0.0,0.0,0.299038084134707,0.0,0.0,0.0,0.0,0.0,0.0,0.0,0.21135119264582444,1.0,0.8962460636544252,0.22972972972972974,0.20588235294117646,0.0,0.0,0.0,0.0,0.31965158793446025,0.20114942528735633,0.0,0.0,0.0,0.1655840869749815,0.0,0.2782141915477169,0.0,0.0,0.0,0.0,0.21764705882352942,0.2605633802816901,0.18421052631578946,0.2782141915477169,0.0,0.20903186384251288,0.1420788309143393,0.0,0.0,0.0,0.0,0.0,0.0,0.0,0.0,0.0,0.2271632917781768,0.0,0.0,0.0,0.0,0.0,0.0,0.24244704335627024,0.0,0.0,0.0,0.0,0.0,0.0,0.23972602739726026,0.0,0.0,0.0,0.0,0.0,0.0,0.0,0.0,0.0,0.0,0.0,0.0,0.0,0.0,0.0,0.0,0.0,0.0,0.0,0.30597014925373134,0.2605633802816901,0.0,0.0,0.0,0.0,0.0,0.0,0.0,0.0,0.0,0.0,0.0,0.18657634929826938,0.0,0.0,0.0,0.3479984661766492,0.0,0.0,0.0,0.0,0.0,0.0,0.0,0.0,0.0,0.0,0.0,0.0,0.0,0.1590909090909091,0.0,0.0,0.0,0.0,0.0,0.0,0.0,0.0,0.0,0.0,0.0,0.0,0.0,0.0,0.0,0.0,0.18941295180115442,0.0,0.1727474540052185,0.0,0.0,0.0,0.0,0.2155765624562392,0.37068353794528164,0.2086829596566349,0.23972602739726026,0.0,0.0,0.0,0.0,0.0,0.0,0.0,0.0,0.0,0.0,0.0,0.0,0.0,0.0,0.0,0.0,0.0,0.0,0.0,0.0,0.0,0.0,0.0,0.0,0.0,0.0,0.0,0.0,0.0,0.0,0.0,0.0,0.0,0.0,0.0,0.332494174142336,0.0,0.0,0.0,0.0,0.0,0.0,0.0,0.0,0.0,0.0,0.0,0.0,0.0,0.0,0.0,0.0,0.0,0.4110283443268393,0.0,0.1660798203855657
0.0,0.0,0.0,0.299038084134707,0.0,0.0,0.0,0.0,0.0,0.0,0.0,0.21135119264582444,0.8962460636544252,1.0,0.22972972972972974,0.20588235294117646,0.0,0.0,0.0,0.0,0.31965158793446025,0.20114942528735633,0.0,0.0,0.0,0.1655840869749815,0.0,0.2782141915477169,0.0,0.0,0.0,0.0,0.21764705882352942,0.2605633802816901,0.18421052631578946,0.2782141915477169,0.0,0.20903186384251288,0.1420788309143393,0.0,0.0,0.0,0.0,0.0,0.0,0.0,0.0,0.0,0.2271632917781768,0.0,0.0,0.0,0.0,0.0,0.0,0.24244704335627024,0.0,0.0,0.0,0.0,0.0,0.0,0.23972602739726026,0.0,0.0,0.0,0.0,0.0,0.0,0.0,0.0,0.0,0.0,0.0,0.0,0.0,0.0,0.0,0.0,0.0,0.0,0.0,0.30597014925373134,0.2605633802816901,0.0,0.0,0.0,0.0,0.0,0.0,0.0,0.0,0.0,0.0,0.0,0.18657634929826938,0.0,0.0,0.0,0.3479984661766492,0.0,0.0,0.0,0.0,0.0,0.0,0.0,0.0,0.0,0.0,0.0,0.0,0.0,0.1590909090909091,0.0,0.0,0.0,0.0,0.0,0.0,0.0,0.0,0.0,0.0,0.0,0.0,0.0,0.0,0.0,0.0,0.18941295180115442,0.0,0.1727474540052185,0.0,0.0,0.0,0.0,0.2155765624562392,0.37068353794528164,0.2086829596566349,0.23972602739726026,0.0,0.0,0.0,0.0,0.0,0.0,0.0,0.0,0.0,0.0,0.0,0.0,0.0,0.0,0.0,0.0,0.0,0.0,0.0,0.0,0.0,0.0,0.0,0.0,0.0,0.0,0.0,0.0,0.0,0.0,0.0,0.0,0.0,0.0,0.0,0.332494174142336,0.0,0.0,0.0,0.0,0.0,0.0,0.0,0.0,0.0,0.0,0.0,0.0,0.0,0.0,0.0,0.0,0.0,0.4110283443268393,0.0,0.1660798203855657
0.0,0.0,0.0,0.35676640558552875,0.0,0.0,0.0,0.0,0.0,0.0,0.0,0.239010463623342,0.22972972972972974,0.22972972972972974,1.0,0.7411138962605487,0.0,0.0,0.0,0.0,0.27419354838709675,0.3373105575871827,0.0,0.0,0.0,0.13618677042801555,0.0,0.23026315789473684,0.0,0.0,0.0,0.0,0.3956657104026204,0.5205206477525179,0.3022593735137299,0.23026315789473684,0.0,0.1837837837837838,0.127134724857685,0.0,0.0,0.0,0.0,0.0,0.0,0.0,0.0,0.0,0.26386831542532707,0.0,0.0,0.0,0.0,0.0,0.0,0.19886363636363635,0.0,0.0,0.0,0.0,0.0,0.0,0.4380562248794301,0.0,0.0,0.0,0.0,0.0,0.0,0.0,0.0,0.0,0.0,0.0,0.0,0.0,0.0,0.0,0.0,0.0,0.0,0.0,0.5378637443958328,0.5205206477525179,0.0,0.0,0.0,0.0,0.0,0.0,0.0,0.0,0.0,0.0,0.0,0.16267942583732056,0.0,0.0,0.0,0.1977401129943503,0.0,0.0,0.0,0.0,0.0,0.0,0.0,0.0,0.0,0.0,0.0,0.0,0.0,0.24535141250954473,0.0,0.0,0.0,0.0,0.0,0.0,0.0,0.0,0.0,0.0,0.0,0.0,0.0,0.0,0.0,0.0,0.15555555555555556,0.0,0.14112903225806453,0.0,0.0,0.0,0.0,0.242572085909483,0.4555321924939897,0.2339136927552197,0.4380562248794301,0.0,0.0,0.0,0.0,0.0,0.0,0.0,0.0,0.0,0.0,0.0,0.0,0.0,0.0,0.0,0.0,0.0,0.0,0.0,0.0,0.0,0.0,0.0,0.0,0.0,0.0,0.0,0.0,0.0,0.0,0.0,0.0,0.0,0.0,0.0,0.2534246575342466,0.0,0.0,0.0,0.0,0.0,0.0,0.0,0.0,0.0,0.0,0.0,0.0,0.0,0.0,0.0,0.0,0.0,0.37272727272727274,0.0,0.13565891472868216
0.0,0.0,0.0,0.3273787607654737,0.0,0.0,0.0,0.0,0.0,0.0,0.0,0.22942827654322467,0.20588235294117646,0.20588235294117646,0.7411138962605487,1.0,0.0,0.0,0.0,0.0,0.23972602739726026,0.311912599326189,0.0,0.0,0.0,0.12903225806451613,0.0,0.20689655172413793,0.0,0.0,0.0,0.0,0.3610914145186957,0.4535057017880773,0.2833334728029102,0.20689655172413793,0.0,0.16908212560386474,0.12084063047285463,0.0,0.0,0.0,0.0,0.0,0.0,0.0,0.0,0.0,0.25085379911883915,0.0,0.0,0.0,0.0,0.0,0.0,0.18181818181818182,0.0,0.0,0.0,0.0,0.0,0.0,0.38888888888888895,0.0,0.0,0.0,0.0,0.0,0.0,0.0,0.0,0.0,0.0,0.0,0.0,0.0,0.0,0.0,0.0,0.0,0.0,0.0,0.4595959595959596,0.4535057017880773,0.0,0.0,0.0,0.0,0.0,0.0,0.0,0.0,0.0,0.0,0.0,0.15151515151515152,0.0,0.0,0.0,0.18090452261306533,0.0,0.0,0.0,0.0,0.0,0.0,0.0,0.0,0.0,0.0,0.0,0.0,0.0,0.23534228966398177,0.0,0.0,0.0,0.0,0.0,0.0,0.0,0.0,0.0,0.0,0.0,0.0,0.0,0.0,0.0,0.0,0.145748987854251,0.0,0.13333333333333333,0.0,0.0,0.0,0.0,0.23301564878441636,0.4063571548057744,0.22545631718325182,0.38888888888888895,0.0,0.0,0.0,0.0,0.0,0.0,0.0,0.0,0.0,0.0,0.0,0.0,0.0,0.0,0.0,0.0,0.0,0.0,0.0,0.0,0.0,0.0,0.0,0.0,0.0,0.0,0.0,0.0,0.0,0.0,0.0,0.0,0.0,0.0,0.0,0.2261904761904762,0.0,0.0,0.0,0.0,0.0,0.0,0.0,0.0,0.0,0.0,0.0,0.0,0.0,0.0,0.0,0.0,0.0,0.3181818181818182,0.0,0.12857142857142856
0.0,0.0,0.0,0.0,0.0,0.0,0.0,0.0,0.0,0.0,0.0,0.0,0.0,0.0,0.0,0.0,1.0,0.36246815229161167,0.0,0.0,0.0,0.0,0.0,0.0,0.0,0.0,0.0,0.0,0.0,0.0,0.0,0.0,0.0,0.0,0.0,0.0,0.0,0.0,0.0,0.0,0.0,0.0,0.0,0.0,0.0,0.0,0.0,0.0,0.0,0.0,0.0,0.0,0.0,0.0,0.0,0.0,0.0,0.0,0.0,0.0,0.0,0.0,0.0,0.0,0.0,0.0,0.0,0.0,0.0,0.0,0.0,0.0,0.0,0.0,0.0,0.0,0.0,0.0,0.36656893076751623,0.0,0.0,0.0,0.0,0.0,0.0,0.0,0.0,0.0,0.0,0.0,0.0,0.0,0.0,0.0,0.0,0.0,0.0,0.0,0.0,0.0,0.0,0.0,0.0,0.0,0.0,0.0,0.0,0.0,0.0,0.0,0.0,0.0,0.0,0.0,0.0,0.0,0.0,0.0,0.0,0.0,0.0,0.0,0.0,0.0,0.0,0.0,0.0,0.0,0.0,0.0,0.0,0.0,0.0,0.0,0.19170984455958548,0.20903954802259886,0.0,0.0,0.0,0.0,0.0,0.0,0.3275862068965517,0.14393939393939395,0.0,0.0,0.0,0.0,0.0,0.0,0.0,0.0,0.0,0.0,0.0,0.2638888888888889,0.0,0.0,0.0,0.0,0.0,0.0,0.0,0.0,0.0,0.0,0.0,0.0,0.0,0.0,0.0,0.0,0.0,0.0,0.0,0.0,0.0,0.0,0.0,0.0,0.0,0.0,0.0,0.0,0.0,0.0,0.25007490713877273,0.0,0.0,0.0,0.0,0.0,0.0,0.0,0.0,0.0,0.0
0.0,0.0,0.0,0.0,0.0,0.0,0.0,0.0,0.0,0.18956939649306329,0.0,0.0,0.0,0.0,0.0,0.0,0.36246815229161167,1.0,0.0,0.0,0.0,0.0,0.0,0.0,0.0,0.13471372802713757,0.0,0.0,0.0,0.0,0.0,0.0,0.0,0.0,0.0,0.0,0.0,0.0,0.0,0.0,0.0,0.0,0.22935394167080927,0.0,0.0,0.0,0.0,0.0,0.0,0.0,0.0,0.0,0.0,0.15898588793956214,0.0,0.0,0.0,0.0,0.0,0.21323242952569463,0.0,0.0,0.0,0.0,0.0,0.0,0.0,0.0,0.0,0.0,0.0,0.0,0.0,0.0,0.0,0.0,0.0,0.0,0.24957475556110087,0.0,0.0,0.0,0.0,0.0,0.0,0.0,0.0,0.0,0.0,0.0,0.0,0.0,0.0,0.0,0.0,0.0,0.0,0.0,0.0,0.0,0.0,0.0,0.14893617021276595,0.0,0.0,0.0,0.0,0.0,0.0,0.0,0.0,0.0,0.0,0.0,0.0,0.0,0.0,0.16444444444444445,0.11844331641285956,0.0,0.0,0.0,0.0,0.0,0.0,0.0,0.0,0.0,0.0,0.0,0.0,0.0,0.0,0.0,0.12411347517730496,0.13157894736842105,0.0,0.0,0.0,0.0,0.0,0.0,0.17560975609756097,0.10198300283286119,0.0,0.0,0.0,0.0,0.0,0.0,0.0,0.0,0.0,0.0,0.0,0.20148793480000549,0.0,0.0,0.0,0.0,0.0,0.0,0.0,0.0,0.0,0.0,0.0,0.0,0.0,0.0,0.0,0.41497674229299314,0.0,0.0,0.0,0.0,0.0,0.0,0.0,0.0,0.0,0.0,0.0,0.0,0.0,0.0,0.2151204820424893,0.23676594356614564,0.0,0.0,0.0,0.0,0.0,0.0,0.0,0.21145193390430989,0.0
0.0,0.09943181818181818,0.0,0.0,0.2995426661732041,0.0,0.0,0.0,0.0,0.0,0.0,0.0,0.0,0.0,0.0,0.0,0.0,0.0,1.0,0.0,0.0,0.0,0.23563218390804597,0.0,0.0,0.0,0.0,0.0,0.0,0.10725806451612903,0.0,0.0,0.0,0.0,0.0,0.0,0.0,0.0,0.0,0.0,0.0,0.0,0.0,0.0,0.0,0.0,0.0,0.0,0.0,0.0,0.2490376200215237,0.0,0.0,0.253547014256562,0.0,0.0,0.0,0.0,0.0,0.0,0.0,0.0,0.0,0.25016709087180183,0.0,0.0,0.0,0.0,0.0,0.0,0.0,0.0,0.0,0.0,0.0,0.0,0.0,0.0,0.0,0.14566929133858267,0.0,0.0,0.0,0.0,0.0,0.0,0.0,0.0,0.0,0.0,0.11935483870967742,0.13821138211382114,0.0,0.0,0.0,0.0,0.0,0.0,0.0,0.0,0.0,0.0,0.0,0.0,0.0,0.0,0.0,0.0,0.0,0.0,0.0,0.0,0.0,0.0,0.3367345160548659,0.3422889706901461,0.2671749585582508,0.1796116504854369,0.12658227848101267,0.14705882352941177,0.0,0.13821138211382114,0.1796116504854369,0.20315266118206946,0.0,0.0,0.0,0.0,0.0,0.0,0.0,0.0,0.11217948717948718,0.14166666666666666,0.0,0.0,0.1309288537549407,0.0,0.0,0.0,0.0,0.0,0.0,0.0,0.17094017094017094,0.0,0.0,0.0,0.0,0.0,0.0,0.0,0.0,0.0,0.0,0.0,0.0,0.0,0.0,0.0,0.0,0.0,0.0,0.0,0.0,0.13346613545816732,0.13346613545816732,0.0,0.0,0.0,0.0,0.0,0.3422889706901461,0.3422889706901461,0.0,0.0,0.0,0.0,0.0,0.0,0.0,0.427116178002922,0.0,0.0,0.0,0.11456628477905073,0.10606060606060606,0.0,0.0,0.0,0.0,0.0,0.23453674048716827,0.0,0.0,0.0,0.10869565217391304
0.0,0.0,0.18084777382691658,0.0,0.0,0.30461170464671106,0.3496500189284753,0.16813355075011888,0.0,0.0,0.0,0.0,0.0,0.0,0.0,0.0,0.0,0.0,0.0,1.0,0.0,0.0,0.0,0.0,0.17632850241545894,0.0,0.0,0.0,0.14135021097046413,0.1256289339221024,0.14591748851294647,0.30461170464671106,0.0,0.0,0.0,0.0,0.0,0.0,0.0,0.28042966107577055,0.0,0.28042966107577055,0.0,0.34418553805415836,0.0,0.0,0.10934891485809682,0.11,0.0,0.0,0.0,0.0,0.0,0.0,0.0,0.0,0.18717948717948718,0.0,0.0,0.0,0.1346938775510204,0.0,0.0,0.0,0.9525264838297932,0.12545454545454546,0.0,0.0,0.0,0.20114437079124117,0.0,0.0,0.0,0.0,0.1547085201793722,0.0,0.9357168356700062,0.918943481366037,0.0,0.0,0.15271966527196654,0.20391061452513967,0.0,0.0,0.2189075835718972,0.17980295566502463,0.0,0.0,0.0,0.24748804578424077,0.0,0.182912114394194,0.0,0.0,0.0,0.0,0.0,0.0,0.0,0.0,0.0,0.0,0.0,0.0,0.0,0.0,0.0,0.28754333813255123,0.20967065851870118,0.0,0.0,0.0,0.1547085201793722,0.0,0.0,0.0,0.14888888888888888,0.0,0.0,0.2175009406425988,0.2164530658695591,0.182912114394194,0.0,0.18465422932761716,0.8099030078664458,0.4265934401258977,0.23706589467990966,0.2816886618508529,0.0,0.16666666666666666,0.0,0.11774744027303755,0.14372006192489872,0.0,0.0,0.0,0.15056413239048752,0.0,0.0,0.0,0.0,0.0,0.0,0.0,0.0,0.11073825503355705,0.3432186171093935,0.3488052092881645,0.0,0.3981342780374203,0.5340152685493584,0.13144296994666663,0.0,0.0,0.9525264838297932,0.0,0.20114437079124117,0.0,0.0,0.0,0.0,0.38804976311289485,0.09583333333333334,0.0,0.13137254901960785,0.1579062854877208,0.1579062854877208,0.0,0.0,0.18084777382691658,0.1324110671936759,0.0,0.0,0.0,0.10934891485809682,0.0,0.0,0.0,0.0,0.5254780953891223,0.19170281950733428,0.0,0.1462882096069869,0.24748804578424077,0.0,0.12664040664999268,0.0,0.17980295566502463,0.0,0.1324110671936759,0.11237785016286644,0.1462882096069869,0.0,0.0,0.0,0.0,0.13901212056374337
0.0,0.0,0.0,0.35676640558552875,0.0,0.0,0.0,0.0,0.0,0.0,0.0,0.239010463623342,0.31965158793446025,0.31965158793446025,0.27419354838709675,0.23972602739726026,0.0,0.0,0.0,0.0,1.0,0.23333333333333334,0.0,0.0,0.0,0.18102373690949497,0.0,0.3259014080304863,0.0,0.0,0.0,0.0,0.2534246575342466,0.3135593220338983,0.21084337349397592,0.3259014080304863,0.0,0.2362160602073411,0.1546913281297876,0.0,0.0,0.0,0.0,0.0,0.0,0.0,0.0,0.0,0.5330764598201914,0.0,0.0,0.0,0.0,0.0,0.0,0.277568601213648,0.0,0.0,0.0,0.0,0.0,0.0,0.28688524590163933,0.0,0.0,0.0,0.0,0.0,0.0,0.0,0.0,0.0,0.0,0.0,0.0,0.0,0.0,0.0,0.0,0.0,0.0,0.0,0.37272727272727274,0.3135593220338983,0.0,0.0,0.0,0.0,0.0,0.0,0.0,0.0,0.0,0.0,0.0,0.20793586158083174,0.0,0.0,0.0,0.2713884086262292,0.0,0.0,0.0,0.0,0.0,0.0,0.0,0.0,0.0,0.0,0.0,0.0,0.0,0.17857142857142858,0.0,0.0,0.0,0.0,0.0,0.0,0.0,0.0,0.0,0.0,0.0,0.0,0.0,0.0,0.0,0.0,0.3048427164057093,0.0,0.18963010879748793,0.0,0.0,0.0,0.0,0.242572085909483,0.4555321924939897,0.2339136927552197,0.28688524590163933,0.0,0.0,0.0,0.0,0.0,0.0,0.0,0.0,0.0,0.0,0.0,0.0,0.0,0.0,0.0,0.0,0.0,0.0,0.0,0.0,0.0,0.0,0.0,0.0,0.0,0.0,0.0,0.0,0.0,0.0,0.0,0.0,0.0,0.0,0.0,0.3956657104026204,0.0,0.0,0.0,0.0,0.0,0.0,0.0,0.0,0.0,0.0,0.0,0.0,0.0,0.0,0.0,0.0,0.0,0.5378637443958328,0.0,0.18161971141606806
0.0,0.0,0.0,0.3145525486708504,0.0,0.0,0.0,0.0,0.16587677725118483,0.21839080459770116,0.0,0.2729412540253406,0.20114942528735633,0.20114942528735633,0.3373105575871827,0.311912599326189,0.0,0.0,0.0,0.0,0.23333333333333334,1.0,0.0,0.0,0.0,0.127208480565371,0.0,0.20224719101123595,0.0,0.0,0.0,0.0,0.4491843525493112,0.42916803553520366,0.2743880044351539,0.20224719101123595,0.0,0.27370691602677244,0.181177005404357,0.0,0.0,0.0,0.0,0.0,0.0,0.0,0.0,0.0,0.2437966559107878,0.0,0.0,0.0,0.0,0.0,0.0,0.1782178217821782,0.0,0.0,0.0,0.0,0.0,0.0,0.36962614471588573,0.0,0.0,0.0,0.0,0.0,0.0,0.0,0.42916803553520366,0.0,0.0,0.0,0.0,0.0,0.0,0.0,0.0,0.0,0.0,0.0,0.43060771339503584,0.42916803553520366,0.0,0.0,0.0,0.0,0.0,0.0,0.0,0.0,0.0,0.0,0.2638888888888889,0.18321001047868996,0.42916803553520366,0.0,0.19662921348314608,0.17733990147783252,0.0,0.42916803553520366,0.2761545353773353,0.0,0.0,0.0,0.0,0.0,0.0,0.31269473736209713,0.0,0.0,0.0,0.6451326025576035,0.0,0.0,0.0,0.0,0.0,0.0,0.0,0.0,0.0,0.0,0.0,0.0,0.0,0.0,0.0,0.0,0.14342629482071714,0.0,0.13138686131386862,0.0,0.0,0.0,0.0,0.36223524881934044,0.38712499774465375,0.3578691973173609,0.36962614471588573,0.0,0.0,0.0,0.1836734693877551,0.0,0.0,0.0,0.0,0.0,0.0,0.0,0.0,0.19662921348314608,0.0,0.0,0.0,0.24324324324324326,0.0,0.0,0.0,0.0,0.0,0.0,0.0,0.0,0.0,0.0,0.0,0.0,0.0,0.0,0.0,0.0,0.0,0.0,0.4259285385958229,0.0,0.2865189249234777,0.0,0.0,0.0,0.0,0.0,0.3038687356809539,0.0,0.0,0.0,0.0,0.0,0.0,0.0,0.0,0.0,0.3088235294117647,0.0,0.1267605633802817
0.0,0.15328467153284672,0.0,0.0,0.0,0.0,0.0,0.0,0.0,0.0,0.0,0.0,0.0,0.0,0.0,0.0,0.0,0.0,0.23563218390804597,0.0,0.0,0.0,1.0,0.0,0.0,0.0,0.0,0.0,0.0,0.17349137931034483,0.0,0.0,0.0,0.0,0.0,0.0,0.0,0.0,0.0,0.0,0.0,0.0,0.0,0.0,0.0,0.0,0.0,0.0,0.0,0.0,0.0,0.0,0.0,0.21428571428571427,0.0,0.0,0.0,0.0,0.0,0.0,0.0,0.0,0.0,0.21875,0.0,0.0,0.0,0.0,0.0,0.0,0.0,0.0,0.0,0.0,0.0,0.0,0.0,0.0,0.0,0.3512431345847714,0.0,0.0,0.0,0.0,0.0,0.0,0.0,0.0,0.0,0.0,0.1896551724137931,0.24404761904761904,0.0,0.0,0.0,0.0,0.0,0.0,0.0,0.0,0.0,0.0,0.0,0.0,0.0,0.0,0.0,0.0,0.0,0.0,0.0,0.0,0.0,0.0,0.0,0.0,0.0,0.553204653486742,0.257692292175631,0.2625,0.0,0.24404761904761904,0.34375,0.2907801418439716,0.0,0.0,0.0,0.0,0.0,0.0,0.0,0.0,0.1794871794871795,0.3216208450115444,0.0,0.0,0.2292857142857143,0.0,0.0,0.0,0.0,0.0,0.0,0.0,0.0,0.0,0.0,0.0,0.0,0.0,0.0,0.0,0.0,0.0,0.0,0.0,0.0,0.0,0.0,0.0,0.0,0.0,0.0,0.0,0.0,0.23410404624277456,0.23410404624277456,0.0,0.0,0.0,0.0,0.0,0.0,0.0,0.0,0.0,0.0,0.0,0.0,0.0,0.0,0.20558375634517767,0.0,0.0,0.0,0.18461538461538463,0.20367059547818786,0.0,0.0,0.0,0.0,0.0,0.0,0.0,0.0,0.0,0.1721311475409836
0.0,0.0,0.0,0.0,0.0,0.0,0.0,0.0,0.1837837837837838,0.0,0.0,0.0,0.0,0.0,0.0,0.0,0.0,0.0,0.0,0.0,0.0,0.0,0.0,1.0,0.0,0.0,0.0,0.0,0.0,0.0,0.0,0.0,0.0,0.0,0.0,0.0,0.0,0.0,0.0,0.0,0.1632980273342061,0.0,0.0,0.0,0.0,0.0,0.0,0.0,0.0,0.0,0.0,0.0,0.0,0.0,0.0,0.0,0.0,0.0,0.0,0.0,0.0,0.0,0.0,0.0,0.0,0.0,0.0,0.0,0.0,0.0,0.0,0.0,0.0,0.0,0.0,0.0,0.0,0.0,0.0,0.0,0.0,0.0,0.0,0.0,0.0,0.0,0.0,0.0,0.0,0.0,0.0,0.0,0.0,0.0,0.0,0.0,0.0,0.0,0.0,0.0,0.0,0.0,0.0,0.2534246575342466,0.21935483870967742,0.21405750798722045,0.0,0.0,0.0,0.0,0.0,0.0,0.0,0.0,0.0,0.0,0.0,0.0,0.15764705882352942,0.0,0.0,0.0,0.0,0.0,0.0,0.0,0.0,0.0,0.0,0.0,0.0,0.0,0.0,0.0,0.0,0.0,0.0,0.0,0.0,0.0,0.0,0.0,0.0,0.0,0.0,0.0,0.0,0.0,0.23026315789473684,0.0,0.0,0.0,0.0,0.0,0.0,0.0,0.0,0.0,0.0,0.0,0.0,0.0,0.0,0.1642512077294686,0.0,0.0,0.0,0.0,0.0,0.0,0.25340854884646963,0.0,0.0,0.0,0.0,0.23026315789473684,0.0,0.0,0.0,0.0,0.0,0.0,0.0,0.0,0.0,0.0,0.0,0.0,0.0,0.0,0.19589707171321172,0.0,0.0,0.0,0.0,0.0,0.0
0.0,0.0,0.1436893203883495,0.0,0.0,0.2534246575342466,0.2638888888888889,0.14092664092664092,0.0,0.0,0.0,0.0,0.0,0.0,0.0,0.0,0.0,0.0,0.0,0.17632850241545894,0.0,0.0,0.0,0.0,1.0,0.0,0.19791666666666666,0.0,0.18686868686868688,0.13619402985074627,0.12457337883959044,0.2534246575342466,0.0,0.0,0.0,0.0,0.0,0.0,0.0,0.24829931972789115,0.0,0.24829931972789115,0.0,0.2638888888888889,0.0,0.32537712880441,0.21384876261256375,0.2324163185502252,0.0,0.29720005649527714,0.18627450980392157,0.0,0.0,0.0,0.0,0.0,0.4055838175611506,0.0,0.0,0.0,0.17718446601941748,0.0,0.0,0.302379196397458,0.17632850241545894,0.4165114618162045,0.0,0.2714285714285714,0.18848167539267016,0.21764705882352942,0.0,0.0,0.0,0.29720005649527714,0.441702786812205,0.0,0.1730310262529833,0.18316831683168316,0.0,0.0,0.2,0.2857142857142857,0.0,0.0,0.2261904761904762,0.24390243902439024,0.15765765765765766,0.15765765765765766,0.25,0.2638888888888889,0.0,0.18627450980392157,0.0,0.0,0.0,0.0,0.0,0.34760437434018565,0.0,0.0,0.3331829508656209,0.0,0.0,0.0,0.0,0.0,0.0,0.2857142857142857,0.22839506172839505,0.2261904761904762,0.3181818181818182,0.25,0.29784560547763844,0.0,0.0,0.0,0.1989247311827957,0.0,0.0,0.20408163265306123,0.24829931972789115,0.18627450980392157,0.0,0.2062146892655367,0.14313725490196078,0.19,0.17272727272727273,0.22839506172839505,0.0,0.2261904761904762,0.0,0.14960629921259844,0.14074074074074075,0.0,0.0,0.0,0.17180094786729858,0.0,0.0,0.0,0.0,0.0,0.0,0.0,0.0,0.14092664092664092,0.2857142857142857,0.2857142857142857,0.0,0.18341708542713567,0.1730310262529833,0.08370044052863436,0.0,0.0,0.17632850241545894,0.0,0.21764705882352942,0.0,0.0,0.0,0.0,0.20422535211267606,0.11838006230529595,0.0,0.1712962962962963,0.17464114832535885,0.17464114832535885,0.0,0.0,0.1436893203883495,0.17289719626168223,0.0,0.0,0.0,0.21384876261256375,0.0,0.0,0.0,0.0,0.12251655629139073,0.2134502923976608,0.0,0.19473684210526315,0.2638888888888889,0.0,0.13757115749525617,0.0,0.24390243902439024,0.45583682746481224,0.31951737567718413,0.1417910447761194,0.19473684210526315,0.0,0.0,0.0,0.0,0.1357142857142857
0.0,0.0,0.0,0.17913468432273538,0.0,0.0,0.0,0.0,0.0,0.16568878781418872,0.0,0.14496883266980545,0.1655840869749815,0.1655840869749815,0.13618677042801555,0.12903225806451613,0.0,0.13471372802713757,0.0,0.0,0.18102373690949497,0.127208480565371,0.0,0.0,0.0,1.0,0.1188118811881188,0.17335157467050794,0.0,0.0,0.0,0.0,0.13620071684587814,0.15139442231075698,0.20653595441524764,0.17335157467050794,0.1454183266932271,0.14377234718453177,0.10995656613870042,0.0,0.0,0.0,0.1949068717572532,0.0,0.0,0.0,0.0,0.0,0.15020042042318651,0.0,0.17843429723264784,0.0,0.0,0.2961113203214135,0.0,0.19842256795876434,0.0,0.1536663482971876,0.0,0.18375410158498218,0.0,0.0,0.1411764705882353,0.0,0.0,0.0,0.1415894099676044,0.0,0.0,0.0,0.0,0.12574825188075145,0.0,0.0,0.0,0.1386394357600967,0.0,0.0,0.13150489059738252,0.10681114551083591,0.1602682351063372,0.0,0.1728395061728395,0.15139442231075698,0.0,0.0,0.0,0.0,0.0,0.0,0.0,0.0,0.1385022391570683,0.0,0.0,0.13354229581480756,0.0,0.0,0.0,0.1585801147202367,0.0,0.0,0.12631578947368421,0.0,0.0,0.0,0.0,0.0,0.0,0.0,0.0,0.0,0.0,0.13520176817985083,0.0,0.0,0.0,0.13818181818181818,0.10419681620839363,0.0,0.0,0.0,0.0,0.0,0.0,0.0,0.0,0.0,0.0,0.22134309892800394,0.13698373062926356,0.12597246096857692,0.12863278322102728,0.0,0.14729527722736083,0.15467739965918106,0.0,0.14876702197921776,0.2104988348769694,0.14551370796662616,0.1411764705882353,0.1454183266932271,0.0,0.1218012705983547,0.0,0.10270270270270271,0.0,0.0,0.0,0.0,0.0,0.07908305011266632,0.0,0.0,0.0,0.0,0.0,0.0,0.0,0.24630702557775,0.21843628352195904,0.0,0.0,0.14425621228342686,0.0,0.0,0.0,0.0,0.0,0.0,0.0,0.1949068717572532,0.0,0.0,0.0,0.0,0.1998377225839179,0.13670411985018727,0.1298932384341637,0.08837772397094432,0.0,0.0,0.18419795194001992,0.0,0.0,0.0,0.1783552724243814,0.20330884479771572,0.0,0.0,0.0,0.18419795194001992,0.0,0.0,0.2132657008591551,0.18102373690949497,0.1251957450020354
0.0,0.0,0.0,0.0,0.0,0.0,0.0,0.0,0.0,0.0,0.0,0.0,0.0,0.0,0.0,0.0,0.0,0.0,0.0,0.0,0.0,0.0,0.0,0.0,0.19791666666666666,0.1188118811881188,1.0,0.0,0.0,0.0,0.0,0.0,0.0,0.0,0.16981132075471697,0.0,0.0,0.0,0.0,0.0,0.0,0.0,0.0,0.0,0.0,0.19791666666666666,0.1282952548330404,0.12982456140350876,0.0,0.19072164948453607,0.24629417348871147,0.0,0.0,0.140625,0.0,0.0,0.24444444444444444,0.21675574915566942,0.0,0.0,0.0,0.0,0.0,0.14682539682539683,0.0,0.14615384615384616,0.14007782101167315,0.24390243902439024,0.17674418604651163,0.0,0.0,0.17205475210989923,0.0,0.19072164948453607,0.19230769230769232,0.13432835820895522,0.0,0.0,0.13257575757575757,0.0,0.16071428571428573,0.0,0.0,0.0,0.0,0.0,0.15040650406504066,0.15040650406504066,0.2261904761904762,0.0,0.0,0.0,0.13432835820895522,0.0,0.0,0.0,0.0,0.20652173913043478,0.0,0.0,0.2134502923976608,0.0,0.0,0.0,0.0,0.0,0.0,0.0,0.0,0.20833333333333334,0.28205128205128205,0.2261904761904762,0.19230769230769232,0.19881265295933248,0.0,0.0,0.0,0.0,0.0,0.0,0.0,0.0,0.0,0.0,0.0,0.0,0.0,0.0,0.0,0.0,0.0,0.12589928057553956,0.0,0.0,0.1469387755102041,0.1572052401746725,0.0,0.0,0.0,0.0,0.0,0.0,0.0,0.11392405063291139,0.0,0.0,0.0,0.0,0.0,0.0,0.0,0.07322175732217573,0.0,0.0,0.0,0.0,0.0,0.0,0.0,0.0,0.0,0.0,0.0,0.1989247698154533,0.0,0.0,0.0,0.0,0.0,0.0,0.0,0.0,0.0,0.0,0.1282952548330404,0.0,0.0,0.0,0.0,0.0,0.0,0.0,0.0,0.0,0.0,0.0,0.0,0.0,0.24390243902439024,0.15966386554621848,0.0,0.0,0.0,0.0,0.0,0.0,0.0
0.0,0.0,0.1997386267618883,0.3052015353737011,0.0,0.0,0.0,0.0,0.0,0.0,0.0,0.2206881418193616,0.2782141915477169,0.2782141915477169,0.23026315789473684,0.20689655172413793,0.0,0.0,0.0,0.0,0.3259014080304863,0.20224719101123595,0.0,0.0,0.0,0.17335157467050794,0.0,1.0,0.34449012107655314,0.0,0.0,0.0,0.21839080459770116,0.2602739726027397,0.18556701030927836,0.9094059261334007,0.0,0.6086739324051141,0.4389012431791708,0.0,0.0,0.0,0.0,0.0,0.0,0.0,0.0,0.0,0.2357196335688925,0.0,0.0,0.5019235677759417,0.2971014492753623,0.0,0.0,0.2506395274489143,0.0,0.15454545454545454,0.0,0.0,0.0,0.0,0.24,0.0,0.0,0.0,0.0,0.0,0.0,0.0,0.0,0.12934362934362933,0.3040823997623683,0.0,0.0,0.1840713669931331,0.0,0.0,0.0,0.0,0.0,0.0,0.30434782608695654,0.2602739726027397,0.0,0.0,0.0,0.0,0.0,0.0,0.0,0.0,0.24855714491688163,0.0,0.0,0.6744034060085415,0.0,0.0,0.19444444444444445,0.7006133223240147,0.0,0.0,0.0,0.0,0.0,0.0,0.0,0.0,0.0,0.0,0.0,0.0,0.0,0.16071428571428573,0.0,0.0,0.0,0.0,0.0,0.0,0.0,0.0,0.0,0.0,0.0,0.0,0.1504424778761062,0.0,0.0,0.0,0.5436067841231905,0.0,0.18054644128889338,0.1715686274509804,0.14757709251101322,0.15876777251184834,0.0,0.2236966571883572,0.37321646346723136,0.21663584038311734,0.24,0.0,0.0,0.1174496644295302,0.0,0.0,0.0,0.0,0.0,0.0,0.0,0.07608695652173914,0.0,0.0,0.0,0.0,0.0,0.0,0.3033910434435615,0.0,0.0,0.0,0.16174680032470415,0.0,0.0,0.0,0.0,0.0,0.26903499591610874,0.1997386267618883,0.0,0.0,0.0,0.0,0.0,0.0,0.3379767062827015,0.0,0.0,0.0,0.0,0.0,0.0,0.0,0.0,0.0,0.0,0.0,0.0,0.0,0.0,0.0,0.0,0.0,0.41025641025641024,0.0,0.1737512560505876
